10.5159  11.9444  -5.75397
9.23711  11.7113  -6.49484
-0.571426  30.8571  -19.8571
-0.566666  32.5733  -8.94444
7.70936  15.4975  -12.0788
9.6463  15.4437  -10.5756
5.14054  16.8649  -7.01621
4.34782  20.1111  -9.16425
7.49213  23.3393  -4.15955
3.09804  32.7059  -8.17647
6.88095  28.7143  -13.4048
5.60256  28.6154  -8
1.46512  38.3256  -31.5174
1.78516  35.2188  -31.0469
3.41666  37.5  -25.5
5.52728  37.4727  -35.8909
4.51418  37.1383  -52.1489
4.22222  31.7901  -4.17284
4.42623  35.6557  -9.45901
4.865  16.065  -9.625
7.88095  30.8571  -9.40476
6.75  37.3068  -20.4886
4.10448  36.5224  -23.2537
5.70588  41.3726  -37.8088
7.125  38.25  -40.9583
4.5  38.125  -45.1667
3.80769  40.4231  -47.0513
1.91228  43.8947  -52.6316
3.48875  43.1029  -56.4373
-0.818184  37.4545  -44
-0.711113  41.1333  -52.4222
-0.905937  36.9109  -52.2327
-4.50445  42.908  -57.6024
-3.08108  43.4504  -52.7928
-5.44579  40.1084  -47.2651
-5.90476  38.0952  -45.1905
-8.44  38.08  -40.88
-6.77248  41.1693  -38.1058
-5.2  37.0267  -23.5733
-8.24675  38.1429  -20.8701
-8.65625  30.9375  -9.6875
-6.72593  16.316  -9.59506
-5.5  35.8103  -9.41379
-5.47826  31.2464  -3.78261
-6.16105  36.2697  -52.1199
-7.25532  37.3404  -35.1489
-5  37.6923  -25.8462
-3.39147  35.3566  -31.376
-2.9871  38.3806  -31.271
-7.0145  28.2899  -7.76811
-7.78261  28.9565  -13.5652
-4.60714  32.375  -8.28571
-8.78304  23.1097  -3.86035
-5.54194  20.1226  -9.06452
-6.31159  17.1667  -6.64493
-10.6051  15.3538  -10.5077
-9.635  15.88  -11.66
-0.49102  23.2455  -9.05988
-0.725487  31.5882  -14.0784
-0.714287  31.0952  -20.5714
-10.4625  11.425  -6.2125
-11.1456  11.3592  -6.56311
23.4771  24.6209  -6.31373
-23.5924  24.2484  -5.8344
14.5556  28.4444  -3.125
-15.3333  28.0476  -2.53968
9.58846  11.8346  -6.48462
-11.0044  11.8559  -6.20524
0.101921  3.60841  -9.95932